; level 20 - The roller-coaster level. Wheeeee

n:"Wave","Vague","Welle","Ola","Onda"

; sequentially opened paths


100, 15, 1, 101, s, 0
101, 11, 0, 102, s, 0
102,  5, 0, 103, s, 0
103,  1, 0, 104, s, 0
104,  3, 0, 105, s, 0
105,  0, 0, 106, s, 0
106,  4, 0, 107, s, 0
107,  8, 0, 108, s, 0
108, 12, 0, 109, s, 0
109, 13, 0, 110, s, 0
110,  9, 0, 111, s, 0
111,  7, 0, 112, s, 0
112, 10, 0, 113, s, 0
113,  6, 0, 114, s, 0
114,  2, 0, 115, s, 0
115, 14, 0, 100, s, 0

; 'G' letter

500, 18, 1,   x, s, 0



; end
